1532814657.0 108.9084485 34.242385 05 4.27 
1532814657.2 108.908455167 34.2423898333 05 4.27 
1532814657.4 108.90847 34.2423865 05 4.27 
1532814657.6 108.908482167 34.2423846667 05 4.27 
1532814657.8 108.908490167 34.2423846667 05 4.27 
1532814658.0 108.908495 34.242387 05 4.27 
1532814658.2 108.908499167 34.2423888333 05 4.27 
1532814658.4 108.908517833 34.242381 06 2.23 
1532814658.6 108.9085315 34.2423768333 06 2.23 
1532814658.8 108.908545167 34.2423713333 06 2.23 
1532814659.0 108.9085555 34.2423688333 06 2.23 
1532814659.2 108.908566667 34.242367 06 2.23 
1532814659.4 108.908578333 34.2423645 06 2.23 
1532814659.6 108.908587333 34.242364 07 2.23 
1532814659.8 108.908593333 34.2423641667 06 2.23 
1532814660.0 108.908596667 34.242366 06 2.23 
1532814660.2 108.9086005 34.2423666667 06 2.23 
1532814660.4 108.908603667 34.2423666667 06 2.23 
1532814660.6 108.908606667 34.2423671667 07 2.01 
1532814660.8 108.908609167 34.2423678333 07 2.01 
1532814661.0 108.9086115 34.2423678333 07 2.01 
1532814661.2 108.908612833 34.2423675 08 1.93 
1532814661.4 108.9086155 34.2423666667 08 1.93 
1532814661.6 108.908619333 34.2423643333 08 1.93 
1532814661.8 108.908621667 34.2423636667 08 1.93 
1532814662.0 108.908624333 34.2423636667 08 1.93 
1532814662.2 108.908627 34.2423625 08 1.93 
1532814662.4 108.908629333 34.242361 08 1.93 
1532814662.6 108.908631833 34.2423593333 08 1.93 
1532814662.8 108.908634833 34.242358 08 1.93 
1532814663.0 108.908636667 34.2423588333 08 1.93 
1532814663.2 108.9086385 34.2423586667 08 1.93 
1532814663.4 108.908641333 34.242358 08 1.93 
1532814663.6 108.908644667 34.2423571667 08 1.93 
1532814663.8 108.9086465 34.2423565 08 1.93 
1532814664.0 108.908648833 34.2423561667 08 1.93 
1532814664.2 108.9086505 34.2423553333 08 1.93 
1532814664.4 108.908651833 34.2423545 08 1.93 
1532814664.6 108.908652667 34.2423546667 08 1.93 
1532814664.8 108.9086535 34.2423541667 08 1.93 
1532814665.0 108.908656333 34.2423536667 09 1.89 
1532814665.2 108.908658833 34.2423533333 09 1.89 
1532814665.4 108.908661 34.2423533333 09 1.89 
1532814665.6 108.908662667 34.2423541667 09 1.89 
1532814665.8 108.908664667 34.2423546667 09 1.89 
1532814666.0 108.908666667 34.2423548333 09 1.89 
1532814666.2 108.908668667 34.242355 09 1.89 
1532814666.4 108.908670833 34.242355 09 1.89 
1532814666.6 108.908672833 34.2423553333 09 1.89 
1532814666.8 108.9086745 34.2423556667 09 1.89 
1532814667.0 108.908676333 34.242356 09 1.89 
1532814667.2 108.908678333 34.2423563333 09 1.89 
1532814667.4 108.908680167 34.2423571667 09 1.89 
1532814667.6 108.908681833 34.2423576667 09 1.89 
1532814667.8 108.908683167 34.2423586667 09 1.89 
1532814668.0 108.908684333 34.2423591667 09 1.89 
1532814668.2 108.908686 34.24236 09 1.89 
1532814668.4 108.908687667 34.2423608333 09 1.89 
1532814668.6 108.9086895 34.2423616667 09 1.89 
1532814668.8 108.908690833 34.2423625 09 1.89 
1532814669.0 108.908693167 34.2423636667 09 1.89 
1532814669.2 108.908695 34.2423651667 09 1.89 
1532814669.4 108.908697 34.2423665 09 1.89 
1532814669.6 108.908698833 34.2423675 09 1.89 
1532814669.8 108.908700667 34.2423685 09 1.89 
1532814670.0 108.9087025 34.2423698333 09 1.89 
