1532814266.2 108.908702833 34.242389 11 1.78 
1532814266.4 108.908702667 34.242389 11 1.78 
1532814266.6 108.908702833 34.2423878333 11 1.78 
1532814266.8 108.908702833 34.2423875 11 1.78 
1532814267.0 108.908702833 34.2423866667 11 1.78 
1532814267.2 108.908703 34.2423858333 11 1.78 
1532814267.4 108.908703 34.2423851667 11 1.78 
1532814267.6 108.908703167 34.2423843333 11 1.78 
1532814267.8 108.908703333 34.2423835 11 1.78 
1532814268.0 108.908703333 34.2423828333 11 1.78 
1532814268.2 108.9087035 34.2423816667 11 1.78 
1532814268.4 108.908703833 34.242381 11 1.78 
1532814268.6 108.908704167 34.2423798333 11 1.78 
1532814268.8 108.9087045 34.2423786667 11 1.78 
1532814269.0 108.908704833 34.2423778333 11 1.78 
1532814269.2 108.908705167 34.2423768333 11 1.78 
1532814269.4 108.9087055 34.2423756667 11 1.78 
1532814269.6 108.908706 34.2423743333 11 1.78 
1532814269.8 108.908706333 34.242373 11 1.78 
1532814270.0 108.9087065 34.2423726667 11 1.78 
1532814270.2 108.908706667 34.2423713333 11 1.78 
1532814270.4 108.908707 34.2423706667 11 1.78 
1532814270.6 108.908707333 34.2423693333 11 1.78 
1532814270.8 108.9087075 34.2423691667 11 1.78 
1532814271.0 108.908707667 34.2423681667 11 1.78 
1532814271.2 108.908707833 34.2423675 11 1.78 
1532814271.4 108.908708167 34.2423668333 11 1.78 
1532814271.6 108.9087085 34.242366 11 1.78 
1532814271.8 108.908708667 34.2423653333 11 1.78 
1532814272.0 108.908709 34.2423643333 11 1.78 
1532814272.2 108.908709333 34.242364 11 1.78 
1532814272.4 108.9087095 34.2423635 11 1.78 
1532814272.6 108.908709667 34.242363 11 1.78 
1532814272.8 108.908709833 34.2423625 11 1.78 
1532814273.0 108.90871 34.242362 11 1.78 
1532814273.2 108.908710167 34.2423616667 11 1.78 
1532814273.4 108.908710333 34.2423613333 11 1.78 
1532814273.6 108.908710667 34.2423613333 11 1.78 
1532814273.8 108.908710667 34.242361 11 1.78 
1532814274.0 108.908710833 34.2423608333 11 1.78 
1532814274.2 108.908711 34.2423605 11 1.78 
1532814274.4 108.908711167 34.2423605 11 1.78 
1532814274.6 108.908711333 34.2423605 11 1.78 
1532814274.8 108.908711333 34.2423605 11 1.78 
1532814275.0 108.908711833 34.2423591667 11 1.78 
1532814275.2 108.908712167 34.2423593333 11 1.78 
1532814275.4 108.908712333 34.2423578333 11 1.78 
1532814275.6 108.908712667 34.2423575 11 1.78 
1532814275.8 108.908713 34.2423568333 11 1.78 
1532814276.0 108.908713333 34.2423563333 11 1.78 
1532814276.2 108.908713667 34.2423553333 11 1.78 
1532814276.4 108.908714 34.2423541667 11 1.78 
1532814276.6 108.908714333 34.2423535 11 1.78 
1532814276.8 108.908714667 34.2423526667 11 1.78 
1532814277.0 108.908714833 34.242352 11 1.78 
1532814277.2 108.908715167 34.2423515 11 1.79 
1532814277.4 108.908715 34.2423511667 11 1.79 
1532814277.6 108.908715 34.2423516667 11 1.79 
1532814277.8 108.908715 34.2423521667 11 1.79 
1532814278.0 108.908715 34.242353 11 1.79 
1532814278.2 108.908715167 34.2423533333 11 1.79 
1532814278.4 108.908715667 34.2423538333 11 1.79 
1532814278.6 108.908715833 34.2423545 11 1.79 
1532814278.8 108.908716 34.2423546667 11 1.79 
1532814279.0 108.908716333 34.2423551667 11 1.79 
1532814279.2 108.9087165 34.2423558333 11 1.79 
1532814279.4 108.908716667 34.2423563333 11 1.79 
1532814279.6 108.908717 34.2423566667 11 1.79 
1532814279.8 108.908717 34.2423571667 11 1.79 
1532814280.0 108.908717167 34.2423576667 11 1.79 
1532814280.2 108.908717333 34.242358 11 1.79 
1532814280.4 108.908717333 34.2423581667 11 1.79 
1532814280.6 108.9087175 34.2423585 11 1.79 
1532814280.8 108.908717333 34.242359 11 1.79 
1532814281.0 108.9087175 34.2423593333 11 1.79 
1532814281.2 108.908717333 34.2423598333 11 1.79 
1532814281.4 108.908717333 34.2423603333 11 1.79 
