1532718566.4 108.908691667 34.2424825 06 4.43 
1532718566.6 108.90869 34.2424836667 06 4.43 
1532718566.8 108.908688667 34.2424848333 06 4.43 
1532718567.0 108.908688 34.2424856667 06 4.43 
1532718567.2 108.9086865 34.2424861667 06 4.43 
1532718567.4 108.908685 34.242488 06 4.43 
1532718567.6 108.908684 34.242488 06 4.43 
1532718567.8 108.908682667 34.2424891667 06 4.43 
1532718568.0 108.908681667 34.2424901667 06 4.43 
1532718568.2 108.9086805 34.2424906667 06 4.43 
1532718568.4 108.908679833 34.2424913333 06 4.43 
1532718568.6 108.908678667 34.2424913333 06 4.43 
1532718568.8 108.908677667 34.2424916667 06 4.43 
1532718569.0 108.908677 34.2424908333 06 4.43 
1532718569.2 108.908676333 34.2424905 06 4.43 
1532718569.4 108.908676333 34.24249 06 4.43 
1532718569.6 108.908675167 34.2424893333 06 4.43 
1532718569.8 108.908674333 34.2424886667 06 4.43 
1532718570.0 108.9086735 34.2424891667 06 4.43 
1532718570.2 108.908672333 34.2424901667 06 4.43 
1532718570.4 108.908671333 34.2424915 06 4.43 
1532718570.6 108.908670333 34.2424933333 06 4.43 
1532718570.8 108.908669 34.2424955 06 4.43 
1532718571.0 108.908667833 34.2424981667 06 4.43 
1532718571.2 108.908666167 34.2424998333 06 4.43 
1532718571.4 108.908665 34.2425023333 06 4.43 
1532718571.6 108.908663667 34.2425046667 06 4.43 
1532718571.8 108.9086625 34.2425066667 06 4.43 
1532718572.0 108.908661333 34.2425086667 06 4.43 
1532718572.2 108.908660667 34.2425116667 06 4.43 
1532718572.4 108.908659333 34.2425141667 06 4.43 
1532718572.6 108.908657167 34.2425171667 06 4.43 
1532718572.8 108.9086555 34.2425215 06 4.43 
1532718573.0 108.908654333 34.2425253333 06 4.43 
1532718573.2 108.908653167 34.2425286667 06 4.43 
1532718573.4 108.908652333 34.2425323333 06 4.43 
1532718573.6 108.908650833 34.2425356667 06 4.43 
1532718573.8 108.908649 34.242539 06 4.43 
1532718574.0 108.908648167 34.242542 06 4.43 
1532718574.2 108.908647167 34.2425461667 06 4.43 
1532718574.4 108.908645667 34.2425488333 06 4.43 
1532718574.6 108.908645 34.2425516667 06 4.43 
1532718574.8 108.908643167 34.2425545 06 4.43 
1532718575.0 108.908642667 34.2425576667 06 4.43 
1532718575.2 108.908641333 34.2425608333 06 4.43 
1532718575.4 108.908640333 34.2425648333 06 4.43 
1532718575.6 108.9086395 34.2425688333 06 4.43 
1532718575.8 108.908638833 34.242572 06 4.43 
1532718576.0 108.908638333 34.2425745 06 4.43 
1532718576.2 108.908638 34.2425783333 06 4.43 
1532718576.4 108.908637333 34.2425811667 06 4.43 
1532718576.6 108.908637 34.2425843333 06 4.43 
1532718576.8 108.908636333 34.242588 06 4.43 
1532718577.0 108.908636667 34.242592 06 4.43 
1532718577.2 108.908636167 34.2425953333 06 4.43 
1532718577.4 108.9086355 34.2426005 06 4.43 
1532718577.6 108.908634833 34.2426048333 06 4.43 
1532718577.8 108.908634333 34.2426093333 06 4.43 
1532718578.0 108.908632833 34.2426141667 06 4.43 
1532718578.2 108.908632167 34.2426191667 06 4.43 
1532718578.4 108.908631 34.2426236667 06 4.43 
1532718578.6 108.908630167 34.2426283333 06 4.43 
1532718578.8 108.908629333 34.2426328333 06 4.43 
1532718579.0 108.908628167 34.2426366667 06 4.43 
1532718579.2 108.908627667 34.2426411667 06 4.43 
1532718579.4 108.908626833 34.242645 06 4.43 
1532718579.6 108.908625667 34.2426498333 06 4.43 
1532718579.8 108.908625167 34.2426526667 06 4.43 
1532718580.0 108.908624667 34.242657 06 4.43 
1532718580.2 108.908624333 34.24266 06 4.43 
1532718580.4 108.908623667 34.2426645 06 4.43 
1532718580.6 108.9086235 34.2426675 06 4.43 
1532718580.8 108.908623167 34.2426708333 06 4.43 
1532718581.0 108.908622667 34.2426745 06 4.43 
1532718581.2 108.908622333 34.2426773333 06 4.43 
1532718581.4 108.9086225 34.2426801667 06 4.43 
1532718581.6 108.9086225 34.2426825 06 4.43 
1532718581.8 108.908622667 34.242685 06 4.43 
1532718582.0 108.908622333 34.2426876667 06 4.43 
1532718582.2 108.908622 34.2426905 06 4.43 
1532718582.4 108.908622 34.2426923333 06 4.43 
1532718582.6 108.908622 34.2426955 06 4.43 
1532718582.8 108.908622 34.2426978333 06 4.43 
1532718583.0 108.908621833 34.2426993333 06 4.43 
1532718583.2 108.908622 34.2427015 06 4.43 
1532718583.4 108.908621667 34.2427038333 06 4.43 
1532718583.6 108.908621833 34.2427048333 06 4.43 
1532718583.8 108.908622167 34.2427073333 06 4.43 
1532718584.0 108.908622 34.2427088333 06 4.43 
1532718584.2 108.908622167 34.2427108333 06 4.43 
1532718584.4 108.908622 34.2427125 06 4.43 
1532718584.6 108.908621833 34.2427145 06 4.43 
1532718584.8 108.908622 34.2427168333 06 4.43 
1532718585.0 108.908622 34.2427185 06 4.43 
1532718585.2 108.908621833 34.2427206667 06 4.43 
1532718585.4 108.9086215 34.2427221667 06 4.43 
1532718585.6 108.908621 34.2427248333 06 4.43 
1532718585.8 108.9086205 34.2427255 06 4.43 
1532718586.0 108.9086195 34.2427285 06 4.43 
1532718586.2 108.908619167 34.24273 06 4.43 
